爬取时间,video_aid,标题,up_name,up_id,硬币数,弹幕数,点踩数,收藏数,点赞数,评论数,分享数,播放数
1676264551.0439568,436746587,“当你身处迷茫困境中，就让这首《𝘿𝙖𝙮𝞘𝙞𝙜𝙝𝙩》来治愈你吧”,学姐圆,30502823,7377,356,0,9958,22648,448,834,162845
1676264564.1672416,778896895,极致节奏，无限单打！詹姆斯·哈登精彩单打混剪,不会剪辑的果子君,213826349,9113,590,0,5834,29167,593,1358,427406
1676264582.2331192,266651878,如何10秒逼疯小学生？！,上班族的便当,50660116,1332,1163,0,7097,32597,482,896,723622
1676264618.4198472,736615230,"""指挥官有我就够了！""【战地2042解说 第八期】",蛇舔鱼,2545925,5952,353,0,3734,14535,437,350,106852
1676264627.4265828,736653230,雪！,边检小花,206123398,2314,936,0,1326,9568,551,440,84230
1676264661.585105,436715073,“愿你永远拥有爱与被爱的勇气”,半程半城,425396423,15287,501,0,19144,30216,884,4696,382823
1676264669.6505368,394154108,德华达摩成功偷家，让对面无家可归,三木木游戏解说,266197706,495,1270,0,957,22074,345,371,417118
1676264677.6735685,481572760,NCT DREAM日文新曲Best Friend Ever MV公开,pcyxjy,16720403,4481,4890,0,11419,29611,3504,8853,360428
1676264685.629122,651572486,要被脏东西抓走了……,永雏塔菲,1265680561,2131,513,0,1396,11399,769,1351,144138
1676264699.7550435,608915514,听说指导组下一站是芜湖,添柴厨师锤宝,1061654112,46956,1045,0,18216,77838,2028,31975,1321735
1676264714.779487,693926132,章鱼哥为了复仇，决定消灭整个比奇堡！,影舞刘奇Ak,1540971681,1486,511,0,8205,21801,130,157,291808
1676264738.561363,609046381,伍六七爱情大电影 【你的大号】 先导预告片发布,沙耶小姐だいすき,689143802,4673,258,0,3610,12376,338,1339,114307
1676264746.577512,266520674,成龙:你们恶魔解决问题 还是只会仰仗干戈么？,极夜先森,45035022,1720,460,0,2614,16817,156,976,168313
1676264754.5780342,266598714,片 名 为 寄 21,名字就叫大梦一场,312760509,2680,1497,0,1373,47515,1653,1151,470492
1676264762.566137,736452738,【Apex】众神之父赐予的视野也看不到我和她的未来,苦莉怕不是苦力怕,240872460,10262,1804,0,9658,39417,1606,12877,424629
1676264784.3310258,991625283,(╹ꇴ╹)    (OдO)   (╹ꇴ╹)  ( •ิ_ •ิ),咸鱼圣代-,95710947,9774,144,0,11938,25589,509,1688,175071
1676264792.3350563,821674100,耗时360小时 全站最还原及帝！蓝猫龙骑团 这才是童年的感觉 大鹏质检员,大鹏质检员,58463695,4118,744,0,2541,15504,260,136,186718
1676264800.3256192,821741163,《MC房地产大亨》,卡慕SaMa,9596327,5712,1317,0,3954,50765,710,248,470636
1676264808.2481952,478935509,大半夜学围棋？一看就懂？刘备也在？我也想试试,围棋三国,56616861,21417,4228,0,31230,143297,1788,6230,1516618
1676264840.3195536,949010874,心动了！工资可是1500呀！！,是莫叔叔吗,9841658,6219,1219,0,2744,54216,2811,6734,789841
1676264858.5840175,609141373,上海110平RoomTour ｜欢迎光临穿搭博主的家🏠客厅好物大揭秘｜超爱的法式风格,一个蟹蟹梨,480305216,1609,614,0,1429,10343,495,685,217392
1676264866.5581625,394214969,「花生」从绿厂弃子到百亿太子，一加Ace 2使用报告,花生説,25480023,2326,3835,0,2016,11152,1211,1048,282934
1676264893.5550416,821660270,⚡乞讨流秃鹫⚡等一个饭吃!!(破音)【鹅鸭杀】,Asaki大人,194484313,3347,331,0,1073,15105,327,187,217521
1676264901.5109243,906508677,她的讣告，选择了一张彩色照片……,了不起De中国人,404194769,7657,2089,0,6484,108740,1318,548,880543
1676264929.4506853,524221981,崩坏星穹铁道逆天行为合集,老沐ocean,23730666,4041,2155,0,3396,48745,2331,1635,564581
1676264946.6292396,948955199,如何如何之小张带你看看 怎么排队去医院挂号看病,打工仔小张耶,7242908,2346,163,0,10145,18654,964,655,362872
